	6	7	8	9	10	11	12	13	14	15	16	17	18	19	20	21	22	23	24	25	26	27	28	29	30	31	32	33	34	35	36	37	38	39	40	41	42	43	44	45	46	47	48	50	59	82	86
BG11_control_t0_r1_T1 - Adapter 1	84	10	502	124	174	125	43	18	130	303	353	370	106	101	81	184	35	297	1114	1451	774	2442	2445	8380	5734	14011	10133	16665	8750	12271	4167	1037	359	111	52	14	6	9	8	3	1	4	4	1	1	3	1
	6	7	8	9	10	11	12	13	14	15	16	17	18	19	20	21	22	23	24	25	26	27	28	29	30	31	32	33	34	35	36	37	38	39	40	41	42	43	44	45	46	47	48	49	50	51	56	63	75	78	79	84
BG11_control_t0_r2_T1 - Adapter 1	50	6	295	145	212	124	25	29	103	267	186	316	76	58	31	59	14	190	798	1014	484	3351	2877	10753	7488	15984	11637	26759	15316	7309	1014	414	275	67	52	15	9	6	2	2	2	1	4	2	1	2	1	2	1	1	1	1
	6	7	8	9	10	11	12	13	14	15	16	17	18	19	20	21	22	23	24	25	26	27	28	29	30	31	32	33	34	35	36	37	38	39	40	41	42	43	44	45	46	47	48	50	51	52	56	63	64	71	76	79	80
BG11_control_t8_r1_T1 - Adapter 1	46	2	288	129	201	105	24	23	76	224	171	291	81	60	43	65	14	142	704	942	447	2782	2415	8685	5691	12599	9725	22215	12990	6204	879	374	248	61	48	12	3	7	5	4	2	2	2	3	2	2	1	1	1	1	1	3	2
	6	7	8	9	10	11	12	13	14	15	16	17	18	19	20	21	22	23	24	25	26	27	28	29	30	31	32	33	34	35	36	37	38	39	40	41	42	43	44	45	47	48	49	50	51	52	53	64	75	78	79	80	82
BG11_control_t8_r2_T1 - Adapter 1	51	11	341	152	215	114	37	33	123	340	211	328	79	122	57	72	11	246	787	1342	454	2705	2769	10856	6010	14051	11427	26737	15404	7748	796	777	239	131	35	28	7	8	3	4	4	2	2	2	1	2	1	3	1	3	8	1	1
	6	7	8	9	10	11	12	13	14	15	16	17	18	19	20	21	22	23	24	25	26	27	28	29	30	31	32	33	34	35	36	37	38	39	40	41	43	44	45	46	47	48	49	50	51	52	64	83
Lys_t0_r1_T1 - Adapter 1	48	16	253	172	224	166	50	29	159	376	223	311	66	96	56	150	15	270	1236	1361	738	2887	2678	10117	5067	11527	10901	17941	6006	9020	2253	849	143	52	27	9	2	11	2	1	1	5	3	2	1	1	1	1
	6	7	8	9	10	11	12	13	14	15	16	17	18	19	20	21	22	23	24	25	26	27	28	29	30	31	32	33	34	35	36	37	38	39	40	41	42	43	44	45	46	47	48	49	50	51	52	53	56	62	64	76	77	79
Lys_t0_r2_T1 - Adapter 1	57	15	315	221	208	150	36	28	135	278	273	421	108	96	53	170	21	327	1154	1419	698	3106	2983	11886	8057	19397	12042	21514	18037	9866	4683	1044	412	81	56	21	11	5	8	3	6	3	2	1	1	2	1	3	2	2	1	1	1	1
	6	7	8	9	10	11	12	13	14	15	16	17	18	19	20	21	22	23	24	25	26	27	28	29	30	31	32	33	34	35	36	37	38	39	40	41	42	43	44	45	46	47	48	49	50	55	64	84
Lys_t8_r1_T1 - Adapter 1	41	15	282	212	262	159	34	20	147	394	259	397	65	110	65	213	29	317	1263	1278	709	2556	2249	9180	4183	10463	11573	21048	6080	10344	2113	800	187	53	19	6	5	1	4	1	8	2	4	1	2	2	2	1
	6	7	8	9	10	11	12	13	14	15	16	17	18	19	20	21	22	23	24	25	26	27	28	29	30	31	32	33	34	35	36	37	38	39	40	41	42	43	44	45	46	47	49	50	51	52	54	55	56	58	62	64	76	78	79	80
Lys_t8_r2_T1 - Adapter 1	45	10	291	206	216	140	42	18	143	348	261	395	97	112	58	167	19	335	1123	1316	667	2917	2810	10860	7455	17840	12042	22276	19329	10517	5078	1057	470	65	39	15	5	8	12	3	4	6	3	1	1	2	1	1	1	1	1	1	2	1	4	2

