	6	7	8	9	10	11	12	13	14	15	16	17	18	19	20	21	22	23	24	25	26	27	28	29	30	31	32	33	34	35	36	37	38	39	40	41	42	43	44	45	46	47	48	50	59	82	86
BG11_control_t0_r1_T1 - Adapter 1	0.04095762835828173	0.019504583577140626	3.915756630265211	3.875	21.75	62.5	86.0	180.0	1300.0	3030.0	3530.0	3700.0	1060.0	1010.0	810.0	1840.0	350.0	2970.0	11140.0	14510.0	7740.0	24420.0	24450.0	83800.0	57340.0	140110.0	101330.0	166650.0	87500.0	122710.0	41670.0	10370.0	3590.0	1110.0	520.0	140.0	60.0	90.0	80.0	30.0	10.0	40.0	40.0	10.0	10.0	30.0	10.0
	6	7	8	9	10	11	12	13	14	15	16	17	18	19	20	21	22	23	24	25	26	27	28	29	30	31	32	33	34	35	36	37	38	39	40	41	42	43	44	45	46	47	48	49	50	51	56	63	75	78	79	84
BG11_control_t0_r2_T1 - Adapter 1	0.022739676187011094	0.010915044569765326	2.1470160116448325	4.215116279069767	24.651162790697676	59.047619047619044	50.0	290.0	1030.0	2670.0	1860.0	3160.0	760.0	580.0	310.0	590.0	140.0	1900.0	7980.0	10140.0	4840.0	33510.0	28770.0	107530.0	74880.0	159840.0	116370.0	267590.0	153160.0	73090.0	10140.0	4140.0	2750.0	670.0	520.0	150.0	90.0	60.0	20.0	20.0	20.0	10.0	40.0	20.0	10.0	20.0	10.0	20.0	10.0	10.0	10.0	10.0
	6	7	8	9	10	11	12	13	14	15	16	17	18	19	20	21	22	23	24	25	26	27	28	29	30	31	32	33	34	35	36	37	38	39	40	41	42	43	44	45	46	47	48	50	51	52	56	63	64	71	76	79	80
BG11_control_t8_r1_T1 - Adapter 1	0.02595497376290696	0.0045136538027533285	2.5992779783393503	4.657039711191336	29.130434782608695	61.76470588235294	60.0	230.0	760.0	2240.0	1710.0	2910.0	810.0	600.0	430.0	650.0	140.0	1420.0	7040.0	9420.0	4470.0	27820.0	24150.0	86850.0	56910.0	125990.0	97250.0	222150.0	129900.0	62040.0	8790.0	3740.0	2480.0	610.0	480.0	120.0	30.0	70.0	50.0	40.0	20.0	20.0	20.0	30.0	20.0	20.0	10.0	10.0	10.0	10.0	10.0	30.0	20.0
	6	7	8	9	10	11	12	13	14	15	16	17	18	19	20	21	22	23	24	25	26	27	28	29	30	31	32	33	34	35	36	37	38	39	40	41	42	43	44	45	47	48	49	50	51	52	53	64	75	78	79	80	82
BG11_control_t8_r2_T1 - Adapter 1	0.023781767311727674	0.02051855997015482	2.544776119402985	4.537313432835821	25.595238095238095	54.285714285714285	74.0	330.0	1230.0	3400.0	2110.0	3280.0	790.0	1220.0	570.0	720.0	110.0	2460.0	7870.0	13420.0	4540.0	27050.0	27690.0	108560.0	60100.0	140510.0	114270.0	267370.0	154040.0	77480.0	7960.0	7770.0	2390.0	1310.0	350.0	280.0	70.0	80.0	30.0	40.0	40.0	20.0	20.0	20.0	10.0	20.0	10.0	30.0	10.0	30.0	80.0	10.0	10.0
	6	7	8	9	10	11	12	13	14	15	16	17	18	19	20	21	22	23	24	25	26	27	28	29	30	31	32	33	34	35	36	37	38	39	40	41	43	44	45	46	47	48	49	50	51	52	64	83
Lys_t0_r1_T1 - Adapter 1	0.02261803788521346	0.03015454202789295	1.9079939668174963	5.180722891566265	26.987951807228914	79.04761904761905	100.0	290.0	1590.0	3760.0	2230.0	3110.0	660.0	960.0	560.0	1500.0	150.0	2700.0	12360.0	13610.0	7380.0	28870.0	26780.0	101170.0	50670.0	115270.0	109010.0	179410.0	60060.0	90200.0	22530.0	8490.0	1430.0	520.0	270.0	90.0	20.0	110.0	20.0	10.0	10.0	50.0	30.0	20.0	10.0	10.0	10.0	10.0
	6	7	8	9	10	11	12	13	14	15	16	17	18	19	20	21	22	23	24	25	26	27	28	29	30	31	32	33	34	35	36	37	38	39	40	41	42	43	44	45	46	47	48	49	50	51	52	53	56	62	64	76	77	79
Lys_t0_r2_T1 - Adapter 1	0.02526259805876878	0.026591029959227085	2.234042553191489	6.260623229461757	23.636363636363633	68.18181818181817	60.0	280.0	1350.0	2780.0	2730.0	4210.0	1080.0	960.0	530.0	1700.0	210.0	3270.0	11540.0	14190.0	6980.0	31060.0	29830.0	118860.0	80570.0	193970.0	120420.0	215140.0	180370.0	98660.0	46830.0	10440.0	4120.0	810.0	560.0	210.0	110.0	50.0	80.0	30.0	60.0	30.0	20.0	10.0	10.0	20.0	10.0	30.0	20.0	20.0	10.0	10.0	10.0	10.0
	6	7	8	9	10	11	12	13	14	15	16	17	18	19	20	21	22	23	24	25	26	27	28	29	30	31	32	33	34	35	36	37	38	39	40	41	42	43	44	45	46	47	48	49	50	55	64	84
Lys_t8_r1_T1 - Adapter 1	0.018941143860297514	0.02772130844575864	2.0842572062084255	6.272189349112427	30.823529411764707	75.71428571428571	68.0	200.0	1470.0	3940.0	2590.0	3970.0	650.0	1100.0	650.0	2130.0	290.0	3170.0	12630.0	12780.0	7090.0	25560.0	22490.0	91800.0	41830.0	104630.0	115730.0	210480.0	60800.0	103440.0	21130.0	8000.0	1870.0	530.0	190.0	60.0	50.0	10.0	40.0	10.0	80.0	20.0	40.0	10.0	20.0	20.0	20.0	10.0
	6	7	8	9	10	11	12	13	14	15	16	17	18	19	20	21	22	23	24	25	26	27	28	29	30	31	32	33	34	35	36	37	38	39	40	41	42	43	44	45	46	47	49	50	51	52	54	55	56	58	62	64	76	78	79	80
Lys_t8_r2_T1 - Adapter 1	0.02037858889593334	0.018115942028985508	2.108695652173913	5.971014492753623	25.116279069767444	63.63636363636363	84.0	180.0	1430.0	3480.0	2610.0	3950.0	970.0	1120.0	580.0	1670.0	190.0	3350.0	11230.0	13160.0	6670.0	29170.0	28100.0	108600.0	74550.0	178400.0	120420.0	222760.0	193290.0	105170.0	50780.0	10570.0	4700.0	650.0	390.0	150.0	50.0	80.0	120.0	30.0	40.0	60.0	30.0	10.0	10.0	20.0	10.0	10.0	10.0	10.0	10.0	10.0	20.0	10.0	40.0	20.0

